time=1369425066 bhead=78 wind=210 lat=52.41586 lon=-4.06508833333 nwlat=52.4155314123 nwlon=-4.06547248363 nwn=0.0
time=1369425451 bhead=78 wind=209 lat=52.41656 lon=-4.06499 nwlat=52.4155314123 nwlon=-4.06547248363 nwn=0.0
