time=1369424957 bhead=78 wind=210 lat=52.415985 lon=-4.065215 nwlat=52.4155314123 nwlon=-4.06547248363 nwn=0.0
time=1369424958 bhead=78 wind=209 lat=52.4159833333 lon=-4.06521333333 nwlat=52.4155314123 nwlon=-4.06547248363 nwn=0.0
time=1369424959 bhead=78 wind=209 lat=52.4159816667 lon=-4.06521166667 nwlat=52.4155314123 nwlon=-4.06547248363 nwn=0.0
time=1369424960 bhead=78 wind=208 lat=52.4159816667 lon=-4.06521 nwlat=52.4155314123 nwlon=-4.06547248363 nwn=0.0
