time=1369414165 bhead=80 wind=318.394300618 lat=52.4153983333 lon=-4.064785 nwlat=52.4158455157 nwlon=-4.06561732292 nwn=0.0
time=1369414175 bhead=79 wind=322.336579519 lat=52.4153783333 lon=-4.064775 nwlat=52.4158455157 nwlon=-4.06561732292 nwn=0.0
