time=1369419662 bhead=335 wind=170 lat=52.41571 lon=-4.065705 nwlat=52.4155314123 nwlon=-4.06547248363 nwn=0.0
time=1369419664 bhead=336 wind=170 lat=52.4157083333 lon=-4.065695 nwlat=52.4155314123 nwlon=-4.06547248363 nwn=0.0
time=1369419665 bhead=335 wind=170 lat=52.4157 lon=-4.065675 nwlat=52.4155314123 nwlon=-4.06547248363 nwn=0.0
time=1369419667 bhead=335 wind=170 lat=52.4156966667 lon=-4.065665 nwlat=52.4155314123 nwlon=-4.06547248363 nwn=0.0
